250
846
104
62
484
954
559
834
755
426
213
4
465
542
101
975
584
777
192
533
877
403
666
497
809
381
772
349
14
363
736
989
131
261
104
318
707
96
683
926
569
121
506
816
795
311
143
390
914
476
573
14
871
926
505
166
438
268
766
437
287
758
170
508
598
445
61
605
802
3
522
358
97
847
631
922
395
249
660
254
575
352
517
89
761
58
394
252
694
301
977
656
526
417
59
400
790
457
616
518
266
710
456
696
985
493
894
172
539
179
871
893
397
780
721
980
205
344
41
383
176
152
232
345
179
391
443
85
628
462
628
173
819
526
877
909
70
846
728
873
939
769
410
864
380
664
321
494
198
784
494
555
710
649
554
274
977
961
348
732
247
620
206
374
867
103
762
502
9
549
523
373
685
723
890
855
888
239
25
861
183
600
520
618
589
266
830
175
764
446
381
100
794
584
358
508
890
329
468
177
229
920
270
35
437
838
652
822
534
784
320
8
977
15
910
972
239
845
497
387
534
253
298
420
779
934
609
989
616
707
799
219
331
597
735
491
735
418
752
377
686
877
21
895
906
426
941
827
114
469
579
984
25
914
841
430
76
971
952
85
607
965
412
363
281
640
814
742
378
194
277
529
93
748
349
980
964
722
653
375
309
312
9
562
250
676
259
794
37
693
526
433
112
204
861
155
387
872
830
490
837
615
331
454
633
624
144
740
726
494
987
657
512
582
548
481
497
532
437
891
297
658
867
187
470
217
803
301
988
977
393
580
111
882
751
210
31
345
932
332
861
842
376
95
776
789
185
809
283
413
313
548
543
917
349
797
879
449
675
796
219
14
807
703
307
396
759
574
932
93
134
957
233
95
9
453
699
504
320
515
389
957
233
941
697
601
484
414
845
700
745
271
955
572
364
62
268
236
707
693
920
624
760
385
12
772
488
843
330
214
398
435
129
332
650
63
96
624
44
343
347
246
567
612
268
216
957
717
56
998
669
232
804
446
90
897
585
233
490
691
399
981
492
24
862
999
812
884
796
154
137
347
8
382
238
861
956
661
491
772
13
311
491
623
615
559
619
679
357
682
703
141
282
147
334
101
355
829
143
912
953
242
436
714
28
739
36
697
428
368
334
399
998
237
316
270
243
5
751
313
455
106
395
315
652
281
756
18
163
529
229
347
511
828
881
25
113
941
446
978
822
730
780
495
88
794
101
994
850
539
565
346
278
499
823
668
693
415
132
666
208
433
543
496
310
53
699
686
775
86
540
942
244
644
899
420
47
44
984
687
549
468
194
293
431
630
362
933
737
802
774
435
942
87
167
920
32
270
459
119
999
8
614
873
21
808
299
173
624
315
808
514
967
713
426
443
409
417
791
249
328
854
613
461
297
533
117
95
111
559
785
747
14
909
596
877
466
244
402
953
410
289
511
366
55
421
34
277
772
636
737
134
565
697
675
29
388
866
302
318
59
582
226
366
57
829
999
65
461
37
559
863
476
874
163
122
397
195
882
770
758
140
461
876
346
123
492
636
31
602
274
471
121
580
197
101
984
537
151
265
811
7
942
577
824
847
96
718
588
95
889
859
405
483
212
184
279
718
170
814
204
100
321
888
248
429
790
865
314
243
722
504
789
664
526
741
686
544
717
515
223
761
330
519
792
166
227
122
72
741
533
509
19
337
986
268
239
46
455
300
412
602
466
781
267
484
105
956
281
172
537
268
69
493
49
364
125
272
361
808
729
650
861
246
193
319
949
873
455
594
654
553
530
235
737
243
486
651
214
707
722
423
303
717
711
272
554
906
916
288
192
480
674
54
700
219
703
187
916
563
98
167
784
416
632
374
974
826
676
735
42
658
822
110
845
809
801
949
756
983
979
88
199
762
371
587
271
523
144
175
33
999
260
912
481
641
926
557
555
856
15
484
147
964
201
195
556
963
224
621
563
703
886
328
160
643
14
440
114
240
813
448
388
634
440
97
347
551
324
424
221
372
947
989
741
320
222
735
494
415
356
883
359
910
912
791
322
257
254
644
865
715
798
995
121
659
124
79
789
573
850
790
804
171
538
20
472
1000
116
488
108
758
651
858
266
701
436
592
48
217
119
357
376
902
248
94
488
303
865
49
522
818
143
976
184
874
393
287
249
495
308
981
757
436
187
969
321
139
341
556
737
893
638
932
823
765
187
374
4
272
31
324
673
657
843
303
287
378
897
421
455
615
922
419
93
322
379
942
719
326
191
563
291
427
797
6
970
896
353
996
833
847
758
987
92
878
131
963
119
761
476
148
851
742
233
612
808
445
339
448
385
933
969
996
802
402
17
417
48
881
413
462
599
102
878
939
674
941
365
294
683
328
406
560
472
608
121
519
914
193
617
453
567
572
745
891
207
129
648
166
142
799
922
627
349
955
306
257
727
383
664
255
730
686
183
407
376
132
500
556
608
693
711
894
984
75
199
554
348
948
63
868
410
249
819
473
123
207
861
911
504
613
289
923
558
358
66
588
553
324
919
478
890
971
292
593
184
514
725
31
795
26
154
494
877
332
553
949
144
107
69
883
457
835
796
51
920
906
129
330
171
632
729
506
260
351
86
393
838
947
16
600
632
653
843
85
759
495
177
8
175
498
530
231
209
966
107
221
729
547
950
939
564
269
727
42
121
112
831
672
378
426
924
96
55
959
816
5
264
153
532
140
659
111
786
810
407
760
103
180
785
276
264
518
900
695
695
483
442
392
821
397
666
585
470
586
641
519
836
491
277
762
511
190
948
859
635
974
322
860
826
829
544
168
691
875
146
36
344
532
543
527
390
513
475
680
660
549
892
134
678
728
104
77
919
444
932
34
232
503
841
953
217
689
229
773
532
397
801
872
79
249
4
710
147
79
340
353
630
639
606
609
913
475
514
93
387
822
966
183
242
22
273
279
837
534
575
135
293
808
141
862
247
210
414
202
585
603
501
588
128
816
848
744
686
391
779
394
504
974
732
889
513
665
496
294
232
615
379
736
485
54
378
41
158
379
546
756
204
299
578
269
220
712
581
709
543
553
358
341
806
232
215
703
982
104
901
621
472
823
745
743
514
151
892
889
554
773
285
407
726
252
483
281
823
244
993
886
922
433
247
825
572
597
1000
335
428
816
39
805
467
507
29
541
866
527
181
851
890
494
205
323
82
353
505
518
851
137
118
30
950
768
243
315
462
665
983
332
735
936
444
688
380
230
322
870
700
439
776
879
311
550
118
109
1
646
900
716
892
587
691
457
951
484
909
583
965
525
24
484
991
700
774
510
50
722
58
396
589
699
976
752
67
907
130
244
286
186
3
702
798
993
440
414
877
745
757
627
143
755
933
582
140
933
150
758
451
440
435
39
232
559
915
955
190
616
900
115
54
874
439
219
974
793
645
390
324
530
446
340
125
399
438
662
855
169
587
668
992
948
390
818
642
231
930
438
232
141
616
521
153
779
712
111
23
307
334
484
521
123
507
169
593
353
823
523
910
278
242
761
299
673
867
549
891
693
762
232
943
790
13
632
581
290
267
859
18
81
348
486
444
510
277
303
215
347
834
662
542
98
243
650
636
810
211
123
145
874
960
955
124
458
219
269
683
249
2
824
919
730
647
213
265
733
574
7
220
760
452
337
451
576
408
215
285
196
105
283
284
909
918
617
772
861
965
352
172
263
277
985
692
436
18
639
281
627
321
565
334
671
516
883
703
45
794
629
706
697
537
177
842
567
820
601
13
842
409
487
280
396
694
839
842
615
97
808
15
15
523
317
811
45
857
890
646
413
83
670
998
279
805
362
582
793
251
718
741
904
499
819
500
278
942
888
116
169
549
107
789
38
910
497
971
277
388
368
26
289
433
864
459
652
81
119
804
759
571
236
985
654
867
115
495
470
223
815
756
60
272
974
813
813
1
544
574
884
782
711
805
629
939
620
712
175
448
913
381
240
812
528
570
576
549
97
59
547
264
624
876
43
171
746
664
1000
599
549
573
930
854
974
835
947
646
332
57
779
616
943
190
762
934
462
973
816
722
728
349
100
411
69
289
339
668
113
279
631
671
107
538
777
636
667
172
216
779
462
530
169
745
100
951
506
924
496
14
806
831
256
652
811
70
280
527
24
151
362
255
986
215
123
621
694
132
601
346
1000
215
921
738
1
247
208
535
530
394
607
217
269
721
959
147
897
645
895
259
652
822
432
876
296
61
657
143
310
913
398
599
785
16
84
619
848
814
173
663
520
410
700
941
397
450
553
662
7
382
454
631
653
930
829
547
435
388
826
339
544
228
90
166
438
782
758
198
737
936
721
734
884
411
65
774
493
419
675
891
376
271
935
845
909
104
448
605
575
160
2
865
471
800
560
491
430
901
747
905
174
244
923
39
365
685
980
764
829
820
871
473
420
237
551
352
378
944
349
572
982
335
465
90
529
682
855
546
594
215
724
369
831
698
743
507
913
787
137
533
995
875
587
856
150
246
820
337
536
775
875
304
610
704
642
841
420
11
69
603
496
707
901
630
365
711
490
331
22
771
205
791
617
300
235
344
264
132
563
146
326
313
542
258
899
226
111
314
837
376
308
538
169
870
202
209
66
546
552
936
461
841
126
236
977
219
17
109
905
637
304
785
656
867
794
310
958
769
288
932
649
655
169
834
823
638
925
689
236
448
530
319
51
357
543
72
94
572
14
970
969
723
637
864
241
35
712
761
229
193
36
931
152
76
247
816
949
452
67
73
17
37
630
348
551
755
922
366
988
510
891
545
697
201
353
72
151
223
481
887
926
591
733
834
692
657
165
345
244
880
243
195
225
742
140
465
819
770
620
531
420
43
726
887
141
553
192
243
302
230
855
188
966
342
131
606
847
149
833
726
171
923
93
657
12
299
269
135
742
38
384
10
326
614
149
832
783
398
525
437
369
913
635
298
172
229
373
275
560
633
649
88
562
870
165
842
635
512
312
934
190
735
939
693
496
369
540
470
395
660
968
775
124
174
911
457
680
230
257
154
258
8
685
877
996
393
343
150
819
461
50
926
130
948
144
760
830
872
994
868
465
645
962
653
64
669
411
388
330
454
574
852
217
619
895
39
299
878
582
123
773
89
71
78
784
165
625
61
305
322
703
468
499
26
389
933
678
560
205
828
803
23
892
471
268
194
882
361
228
332
868
75
477
125
293
64
866
853
774
694
200
53
70
712
605
903
194
240
271
771
417
989
858
392
776
215
314
12
663
681
838
764
444
586
209
97
399
216
832
722
909
19
539
422
95
838
78
702
437
953
239
935
167
114
469
321
132
344
963
933
575
72
443
499
186
357
268
787
274
785
947
120
564
263
717
98
946
289
230
817
865
892
404
327
457
440
968
547
763
172
598
936
803
131
797
419
695
548
740
561
115
504
505
890
283
704
774
908
950
441
654
315
710
459
250
543
81
411
46
675
392
99
591
691
489
7
876
395
113
788
102
704
656
810
557
374
258
973
11
914
664
663
940
823
941
785
881
540
128
461
448
969
945
792
196
415
95
712
348
776
914
429
299
162
441
549
705
725
155
861
910
805
965
425
572
861
499
224
951
100
694
62
314
453
971
686
540
305
150
136
18
328
820
405
999
164
304
630
548
251
311
217
63
299
683
290
744
389
571
454
991
267
269
414
210
214
273
143
288
883
367
459
151
187
462
845
839
128
484
33
305
645
751
938
552
228
968
786
174
699
423
948
573
997
273
162
343
571
910
139
694
647
334
489
991
731
399
171
870
255
295
707
168
871
770
105
513
164
764
590
97
860
793
564
279
902
338
381
411
171
598
274
596
304
326
927
146
867
44
787
317
696
27
566
558
304
36
981
301
381
932
239
294
346
627
802
667
997
495
229
216
915
955
737
774
842
966
299
393
269
239
557
408
876
775
410
797
266
957
142
407
606
282
782
503
783
509
466
739
101
777
789
366
901
646
46
935
375
292
625
150
430
8
577
160
819
91
704
950
984
570
248
434
285
133
671
102
844
486
160
952
776
68
164
504
667
883
58
934
83
214
779
880
440
505
408
240
169
410
393
216
43
463
862
30
181
855
99
972
839
591
229
821
836
11
793
819
602
805
704
138
447
179
654
27
990
120
524
307
398
703
743
657
63
562
149
646
883
221
778
617
313
897
605
537
980
882
633
195
134
4
815
588
331
84
458
118
402
609
922
942
486
746
696
190
152
263
650
322
352
780
146
911
966
341
275
842
640
918
98
759
62
299
583
383
767
941
738
709
977
513
851
119
296
510
8
861
908
437
147
620
711
623
748
370
798
132
486
362
454
350
426
565
465
9
510
89
157
499
574
885
49
246
815
673
810
157
363
979
17
691
675
90
156
525
12
546
250
989
385
993
424
285
154
986
40
685
804
694
516
390
642
398
372
62
534
660
830
375
382
491
967
54
78
702
45
36
519
603
742
950
635
459
213
824
212
954
420
43
700
981
698
715
647
749
578
746
456
43
980
35
975
35
509
719
704
236
563
288
309
475
948
162
84
668
493
241
487
536
520
998
983
494
837
542
961
598
407
49
688
520
532
347
990
196
970
20
379
567
726
234
516
343
893
134
672
659
650
274
333
729
147
813
217
181
985
319
801
832
302
98
699
258
694
392
965
856
589
8
523
234
895
645
14
892
558
962
249
380
978
685
817
213
452
97
755
161
123
631
964
169
384
129
22
970
34
468
791
735
556
52
711
309
173
359
776
441
256
987
245
918
388
654
928
45
882
392
157
599
230
268
108
107
742
556
656
276
19
661
842
19
338
208
684
466
205
626
820
205
284
493
262
902
967
272
482
124
897
345
50
414
89
50
145
28
726
976
337
289
795
757
371
954
939
579
941
306
860
5
428
815
892
249
986
136
26
494
666
505
173
796
232
44
728
258
828
775
316
356
139
791
481
854
40
464
511
281
881
607
808
479
849
78
841
756
590
650
837
917
844
402
695
386
286
752
480
154
285
203
127
731
822
635
79
197
457
791
66
161
775
285
755
390
61
986
456
624
794
513
145
38
890
172
494
981
573
475
747
105
768
428
660
537
207
987
339
616
212
323
438
866
80
107
818
868
970
720
889
81
460
543
375
254
238
865
126
685
925
464
221
846
547
20
504
439
428
83
759
614
223
795
861
120
882
678
29
418
509
188
709
450
967
285
656
136
106
948
111
229
553
319
458
631
108
267
380
782
912
212
703
772
766
245
181
188
186
78
264
550
24
450
535
251
642
155
109
50
540
21
116
279
945
243
187
486
777
103
57
262
588
49
349
535
330
527
107
422
585
79
25
578
760
419
201
733
270
658
593
100
735
114
975
673
327
214
819
615
393
642
300
382
931
252
19
841
568
980
827
57
42
665
207
721
901
133
393
87
398
111
84
81
398
733
929
246
141
557
918
415
635
626
915
565
365
861
981
490
258
453
649
945
518
867
7
977
623
818
131
192
136
954
216
538
577
406
49
708
112
561
965
198
829
751
538
17
81
709
462
11
111
447
14
725
541
533
287
207
843
729
742
995
603
80
335
653
780
240
61
543
39
891
971
704
686
128
577
426
681
46
131
186
787
629
149
118
953
368
670
772
891
732
998
700
639
723
356
95
782
268
292
448
298
46
960
376
733
129
751
14
913
421
9
179
459
806
797
890
224
816
809
674
637
647
138
764
489
131
618
132
440
675
442
500
411
68
651
639
660
59
673
291
952
86
388
355
59
504
892
339
444
516
747
407
548
108
866
612
40
286
194
335
560
701
143
133
75
30
546
874
879
253
961
817
416
629
350
282
896
123
365
561
301
370
784
379
322
75
116
126
251
297
357
270
465
599
255
417
900
409
322
694
369
453
771
802
12
929
731
432
87
282
580
242
187
395
397
114
288
734
310
812
46
7
798
831
8
803
734
703
596
88
294
567
586
699
236
2
663
153
719
430
129
208
316
461
192
646
469
900
745
990
671
365
169
64
521
922
883
258
474
758
765
283
482
722
228
938
554
655
818
815
68
832
781
365
269
885
712
281
12
195
762
588
431
295
334
941
671
67
872
497
602
994
452
94
844
141
111
436
252
514
877
382
536
579
800
70
242
283
505
498
495
755
11
404
952
679
142
10
570
289
163
364
401
369
382
153
638
936
524
881
813
552
680
554
193
115
83
644
201
475
464
158
599
536
78
600
635
2
250
379
723
22
248
228
10
874
835
752
447
439
468
29
642
939
83
988
482
846
777
514
324
548
555
527
898
750
614
454
262
204
476
526
43
932
785
361
971
414
959
428
956
977
666
779
144
468
564
13
337
847
382
619
253
911
379
364
22
83
42
20
295
911
84
456
251
369
537
6
975
763
283
522
620
79
665
326
412
841
904
716
527
215
390
776
752
558
838
51
260
981
168
123
240
727
633
779
630
490
122
614
896
90
334
798
101
544
786
743
425
347
17
174
841
384
740
134
671
380
325
21
848
723
780
422
396
166
421
677
462
883
520
820
709
434
830
704
605
56
349
436
259
73
982
785
552
549
610
991
551
632
339
635
281
803
90
528
613
2
565
424
911
416
387
90
513
824
561
286
917
662
346
322
893
682
753
927
283
83
628
135
322
931
342
214
937
624
679
676
941
42
623
518
549
533
595
390
692
830
88
287
87
324
666
933
676
922
227
331
365
864
141
779
19
486
420
423
482
797
289
59
830
577
395
1000
50
861
308
796
934
40
241
955
822
946
387
515
405
365
724
432
408
424
691
707
397
395
437
412
727
963
31
294
116
782
376
155
33
916
706
769
851
730
267
988
479
106
54
407
588
315
723
579
546
562
239
359
373
835
208
796
578
39
21
736
461
340
141
287
292
222
441
843
955
241
625
224
336
943
2
687
372
808
617
255
187
824
146
655
337
532
474
915
665
12
221
498
548
618
297
65
676
288
952
658
30
408
656
501
206
954
914
524
949
295
254
791
688
519
5
669
955
727
871
4
93
370
165
851
741
303
851
230
599
388
229
480
608
607
644
733
783
476
984
704
15
109
512
930
489
663
607
814
712
3
899
215
333
29
708
5
828
591
122
60
746
275
175
924
728
117
49
555
324
750
186
676
73
244
732
917
651
632
395
93
283
759
130
939
945
663
948
428
812
663
652
287
481
609
208
753
16
121
38
78
864
157
655
467
847
140
222
312
416
313
244
124
819
221
589
584
412
39
499
966
109
268
106
926
614
207
416
571
951
588
286
348
571
870
965
931
643
284
595
647
307
310
61
953
757
199
471
352
568
499
767
615
421
118
24
500
891
533
385
152
285
554
739
411
768
661
234
708
817
676
347
329
452
495
908
963
627
644
32
191
683
305
591
288
815
155
748
971
869
266
455
52
75
996
417
872
239
368
914
919
515
609
303
283
629
398
459
527
863
702
164
596
583
971
895
295
377
52
714
463
603
887
497
338
70
214
992
250
325
490
914
695
660
256
101
975
699
857
27
168
148
80
402
895
476
167
986
700
737
886
166
409
866
199
662
557
269
572
676
979
903
968
574
137
112
482
39
892
860
510
325
164
321
907
183
617
196
918
217
564
679
585
605
130
314
219
964
653
639
196
672
998
20
539
400
776
635
493
777
222
113
156
745
275
552
257
782
689
458
453
618
91
36
124
450
423
381
357
787
825
125
102
987
542
220
593
367
920
605
990
447
806
432
475
484
253
248
605
672
32
603
826
993
549
431
425
785
708
193
729
482
109
641
72
709
519
925
727
758
782
866
96
166
650
851
439
979
377
965
148
401
438
619
160
406
325
576
492
928
667
270
943
902
483
257
641
745
303
602
855
81
155
70
177
249
237
431
616
405
910
413
792
797
228
432
414
503
72
56
61
949
362
574
835
501
633
899
817
426
315
42
493
159
748
611
295
127
307
486
573
502
691
767
336
337
136
159
344
296
417
630
479
490
112
667
566
649
286
932
547
109
802
769
560
119
474
45
252
723
14
845
398
335
707
244
30
443
288
462
940
980
391
832
305
477
641
161
73
551
606
889
56
473
75
724
574
272
999
539
882
276
469
5
22
313
760
339
166
567
811
742
490
806
316
867
334
600
569
61
150
4
234
988
61
603
508
850
758
74
730
14
324
94
329
252
464
859
842
111
704
380
759
838
329
88
927
357
653
250
684
750
525
390
241
516
116
193
42
124
697
468
507
490
919
280
260
502
456
340
863
796
990
521
38
481
373
484
29
724
780
295
421
743
10
703
572
367
37
874
545
195
938
996
197
900
121
963
551
143
624
691
718
992
238
290
24
372
904
707
735
395
661
570
619
633
513
419
948
812
903
169
709
73
409
196
591
681
958
150
161
130
345
487
7
514
205
912
843
313
833
57
611
507
938
432
457
374
221
737
653
337
155
653
605
142
775
711
646
851
68
692
124
228
744
704
882
407
534
790
704
190
494
293
930
839
127
754
694
810
912
866
318
881
715
268
340
369
975
488
811
998
317
101
202
719
998
170
902
765
190
941
575
514
161
365
882
212
649
22
611
882
538
571
685
658
852
885
58
701
454
819
945
718
507
694
986
552
668
574
38
136
787
154
329
23
787
811
417
199
696
525
568
53
345
292
605
84
26
77
793
658
394
14
384
851
991
979
363
886
848
299
406
423
484
898
346
216
462
254
555
180
714
587
479
239
969
735
545
780
444
198
442
786
177
105
165
163
169
822
810
141
74
813
111
239
649
301
103
269
184
922
623
893
949
406
860
86
208
678
573
359
535
892
484
906
104
357
390
646
706
227
536
751
829
844
590
801
228
576
965
668
499
363
610
291
928
154
917
283
469
605
215
926
928
970
92
484
870
595
527
770
877
161
553
899
427
650
856
540
601
611
679
85
187
639
252
375
825
966
259
426
758
930
455
299
607
370
701
34
18
645
802
707
175
156
70
409
535
764
12
186
950
350
11
33
296
304
439
833
319
825
873
100
317
634
103
826
178
901
107
427
190
370
897
944
550
562
406
178
224
459
604
494
147
693
938
436
672
218
160
29
401
547
236
922
661
575
774
425
120
247
68
576
298
726
633
151
378
596
803
868
684
719
631
479
82
945
523
168
927
472
157
164
888
331
14
770
842
69
440
886
75
710
751
320
334
920
823
886
87
902
298
481
743
567
956
418
282
219
780
174
392
740
91
863
389
972
852
701
746
414
650
778
200
751
438
982
460
492
1000
810
272
63
657
803
306
664
262
667
876
75
442
105
926
558
260
11
82
110
597
308
881
840
451
812
198
808
615
116
883
654
16
777
420
208
879
746
613
535
764
526
820
431
785
373
122
872
806
644
682
865
210
847
947
131
517
44
976
610
124
572
972
216
726
803
175
738
809
166
622
186
983
925
499
290
226
486
616
729
500
660
450
302
170
753
250
162
786
947
150
599
128
143
166
215
144
710
932
663
376
864
350
317
704
687
424
175
786
644
672
271
557
968
386
821
38
564
228
669
896
697
392
804
371
489
582
131
691
760
771
421
889
735
167
275
877
351
694
871
423
145
422
423
718
506
618
81
698
806
855
985
470
75
302
351
706
767
639
633
571
84
348
992
677
584
805
610
227
245
616
681
855
947
652
80
393
144
438
330
124
194
233
715
906
895
840
960
208
289
71
348
635
353
320
301
873
249
192
527
288
607
149
721
246
667
880
475
309
211
543
79
223
854
497
654
750
887
641
212
566
974
713
583
769
772
285
227
658
786
306
777
115
764
817
984
262
901
337
95
761
135
584
714
657
860
747
126
641
222
532
311
400
911
667
494
871
181
811
155
993
653
798
184
330
890
499
404
738
925
13
320
517
531
408
124
189
890
530
74
87
849
721
419
1
532
361
778
109
441
912
780
239
699
608
173
360
191
905
830
943
596
370
502
236
781
966
632
140
176
306
115
253
917
2
181
793
672
888
676
242
801
768
351
603
25
102
347
572
49
779
50
332
44
154
346
512
225
681
575
239
855
90
638
245
217
236
865
796
846
511
347
529
861
673
712
2
700
820
397
645
883
107
585
420
203
27
480
289
538
893
120
415
710
781
508
278
89
194
631
114
348
953
329
876
60
601
945
81
356
623
474
717
35
967
897
179
568
843
767
783
926
764
923
840
228
351
805
47
246
611
424
150
913
163
185
751
857
15
967
317
883
678
133
450
818
719
809
179
586
505
31
180
210
986
598
112
360
675
369
753
234
14
904
911
761
963
796
675
969
825
739
444
167
756
441
70
185
38
926
166
65
513
899
63
85
717
210
911
253
607
130
66
516
866
918
412
765
389
816
924
828
639
254
362
999
735
517
523
894
57
790
502
523
561
501
947
437
834
354
376
313
377
387
992
893
198
288
699
928
717
8
972
2
311
636
326
301
794
177
708
805
142
594
65
634
940
536
1
84
394
946
141
322
851
288
909
60
618
317
854
932
798
360
212
356
459
100
502
488
588
615
894
326
426
559
534
405
628
255
467
641
255
698
163
434
246
362
890
923
392
571
762
530
179
337
523
667
359
87
989
901
334
921
309
259
226
121
971
436
471
301
781
124
489
952
366
541
280
422
549
899
994
342
337
303
500
655
978
868
102
432
732
413
832
84
265
971
760
985
239
46
852
455
623
909
1000
582
977
296
555
130
320
617
970
90
568
853
580
948
712
975
493
50
708
859
664
333
181
816
135
602
723
668
742
607
28
521
872
610
478
514
877
686
623
349
763
861
243
475
170
547
87
590
560
420
951
889
252
28
170
688
174
950
108
751
914
857
658
362
809
544
856
488
896
290
295
825
482
907
453
99
779
115
190
720
424
396
766
732
41
41
314
726
485
304
442
464
99
1
271
810
394
718
337
474
361
62
770
712
875
109
821
139
916
643
733
810
949
26
92
953
899
436
3
828
388
536
391
707
422
626
235
562
204
329
374
356
198
415
309
384
292
622
391
738
917
789
388
91
951
252
551
800
373
215
707
394
473
210
574
172
553
239
645
982
918
481
867
858
933
847
333
234
797
690
833
106
713
611
713
473
355
299
36
292
44
814
622
582
294
558
646
597
480
175
419
314
331
620
301
143
136
66
700
831
396
936
204
521
577
850
538
698
380
929
162
254
411
348
40
156
3
591
538
285
996
597
214
738
65
258
776
796
240
163
354
900
109
686
373
104
505
605
389
102
856
638
921
508
71
635
957
767
842
445
233
866
767
101
407
601
179
427
656
856
897
662
41
772
969
630
548
482
790
728
7
341
739
53
164
960
121
527
41
393
634
578
256
464
161
468
846
712
269
623
790
918
269
456
848
778
465
243
690
495
996
872
89
50
55
52
420
556
537
939
686
340
778
302
36
607
562
319
815
992
906
457
161
801
323
963
175
506
602
529
488
193
537
27
779
308
455
164
662
626
849
385
232
213
546
723
957
671
820
376
874
319
849
757
524
574
646
897
738
951
960
951
200
42
542
570
275
70
328
873
472
261
960
601
678
523
323
535
780
663
128
796
45
138
828
206
646
326
53
823
209
308
221
265
521
410
269
233
536
440
7
965
584
900
10
444
465
133
787
673
544
836
633
339
955
688
648
907
322
2
999
389
851
504
358
517
307
387
767
112
328
784
160
775
413
930
940
801
496
526
919
691
636
842
882
336
231
967
832
878
413
981
440
964
813
845
620
112
482
941
670
531
470
420
862
474
428
252
578
124
650
993
201
835
51
220
402
785
927
962
383
73
17
220
564
757
454
980
218
894
724
618
132
730
466
121
633
862
154
576
896
625
785
232
732
156
584
279
787
428
837
227
724
476
497
537
985
771
894
574
906
66
602
683
518
695
760
868
507
682
126
167
606
886
880
89
825
587
63
917
836
961
361
413
902
378
776
172
877
150
809
526
317
57
515
648
806
481
567
872
776
408
829
682
779
519
98
517
393
242
790
774
230
743
729
154
292
383
231
354
255
421
655
764
627
206
731
752
273
433
130
247
601
282
121
165
370
109
171
392
228
523
149
89
688
690
5
51
434
117
147
345
925
982
345
730
29
339
893
81
563
984
860
330
925
678
592
35
142
159
855
560
503
367
836
881
48
603
713
164
485
844
218
990
301
280
885
316
406
172
55
644
212
589
633
700
539
147
486
38
902
4
237
635
492
917
926
221
383
209
321
968
401
211
860
631
488
19
834
448
604
867
214
411
132
925
344
201
721
476
771
727
616
558
799
70
182
499
67
289
166
617
550
763
792
626
146
261
273
395
693
514
834
649
756
166
516
581
568
529
409
576
755
359
87
432
921
872
944
724
55
767
297
371
640
83
151
50
397
250
385
493
170
391
980
900
214
735
797
908
378
276
136
721
718
411
914
569
550
959
817
102
324
989
682
969
716
304
126
137
647
89
766
307
880
580
476
344
702
597
223
912
417
813
722
336
433
623
918
954
826
548
152
246
607
789
330
718
140
156
552
348
452
653
344
326
453
943
882
791
878
503
930
197
618
967
299
146
628
448
90
428
438
595
808
542
964
149
897
561
664
264
174
756
529
980
375
602
897
814
448
984
51
714
235
743
117
188
677
37
317
10
113
36
429
995
872
174
108
226
144
310
335
554
493
862
538
809
366
381
363
900
259
680
724
645
81
617
605
723
721
138
348
60
691
598
807
267
972
627
399
762
4
108
474
858
251
497
378
549
518
831
488
979
319
802
462
552
794
8
962
576
833
380
518
881
110
568
678
322
532
409
650
565
340
197
826
123
493
483
126
188
822
333
840
39
64
231
760
253
440
546
360
791
950
677
48
524
591
219
352
891
4
713
154
820
370
546
350
910
14
640
371
597
66
473
214
177
673
411
354
437
649
64
977
702
204
42
924
281
528
206
657
65
816
553
300
196
765
88
84
708
798
534
474
788
269
106
727
105
417
695
883
434
376
20
853
607
268
314
934
278
757
471
408
829
653
770
72
675
691
608
595
132
981
68
368
111
897
775
765
373
859
489
326
390
191
322
142
272
699
187
545
285
453
364
332
496
515
907
301
675
762
3
189
243
51
364
556
353
78
52
826
272
987
643
484
795
882
22
255
426
567
487
390
412
134
801
578
280
83
725
996
307
926
124
180
892
808
233
38
176
883
768
594
90
315
931
318
894
383
325
212
89
52
142
22
439
274
509
519
209
896
205
596
339
641
685
643
861
19
725
560
242
93
617
226
864
757
133
166
439
215
920
153
736
56
955
113
951
280
873
7
868
784
818
954
95
392
556
709
772
145
971
201
661
509
29
153
966
256
497
49
575
445
280
636
656
820
821
817
692
199
290
292
403
772
726
470
722
443
387
41
936
34
750
941
546
403
709
718
761
734
501
274
396
45
735
852
946
551
830
222
228
283
316
703
539
387
695
733
636
765
66
669
49
465
581
114
15
865
476
151
483
892
40
412
434
329
537
80
969
499
683
510
633
283
997
760
771
787
555
970
246
806
212
284
846
996
281
573
878
396
357
993
337
601
709
622
275
99
802
172
630
765
469
707
204
970
813
282
26
595
349
77
200
96
797
798
195
964
549
956
210
271
207
157
935
193
606
730
239
96
239
322
23
104
837
681
98
462
575
105
768
790
630
279
984
751
446
413
62
914
243
910
628
8
116
421
519
961
766
20
130
229
838
164
733
523
384
819
303
886
399
16
507
494
872
555
910
837
205
578
974
895
303
197
85
2
288
716
75
444
762
884
196
464
50
864
594
557
500
622
836
632
133
797
585
47
592
285
73
1000
903
950
949
796
647
757
739
780
165
765
59
491
815
570
917
225
319
949
139
973
569
366
823
439
124
138
778
630
601
204
263
597
414
839
146
327
433
19
523
569
990
803
745
731
411
485
494
974
237
106
690
556
206
532
601
95
50
347
990
192
302
569
572
435
544
738
506
316
89
656
646
364
299
8
29
208
8
991
7
620
786
51
309
97
486
917
921
559
266
923
63
102
76
169
557
236
500
100
228
344
677
737
947
161
742
726
145
401
975
12
619
883
832
202
178
605
382
77
76
820
335
279
131
160
72
897
388
574
1000
949
633
428
151
975
717
541
778
7
812
439
612
315
9
893
616
798
330
44
601
552
31
623
729
414
630
990
774
842
237
858
262
219
22
376
60
532
721
712
637
953
428
975
41
995
758
372
735
518
903
389
672
664
269
464
303
330
967
344
609
210
579
999
562
358
421
957
672
179
451
990
843
950
486
865
782
15
297
241
888
775
452
605
401
133
751
920
883
800
149
378
671
555
196
940
495
89
514
936
919
66
822
568
65
274
52
294
885
975
290
83
85
650
958
293
741
412
37
230
781
93
248
901
763
109
679
357
536
272
197
236
494
140
727
907
510
913
705
345
556
486
514
768
694
796
633
540
138
490
97
19
302
209
325
230
799
415
417
126
96
650
958
305
755
798
962
184
643
15
312
860
266
358
987
190
301
21
297
300
495
971
965
918
100
873
206
583
275
902
232
254
680
926
140
452
678
838
257
397
920
487
737
220
373
951
397
448
771
366
378
652
245
681
769
102
438
17
72
286
798
18
317
563
387
847
293
231
364
540
357
526
665
79
31
659
384
16
961
249
621
443
880
670
326
66
966
581
169
600
245
389
658
792
583
864
114
471
112
162
616
964
946
876
948
410
45
955
809
575
772
486
775
476
317
405
54
746
681
534
326
924
108
52
203
11
300
42
91
952
754
252
887
766
117
455
418
30
513
155
745
334
712
149
418
26
794
384
122
658
428
76
788
570
803
175
953
227
807
309
144
947
328
304
177
362
290
27
877
541
872
540
646
302
18
46
872
684
159
179
598
518
547
470
755
280
794
103
319
493
187
851
605
563
525
202
878
494
260
899
862
7
113
685
461
758
295
758
427
394
899
600
775
528
520
63
590
298
240
470
851
643
217
302
51
905
871
512
792
880
12
905
137
588
111
292
341
677
876
458
548
957
188
800
391
233
829
533
136
97
916
511
732
751
915
574
81
129
420
466
736
408
932
288
51
420
264
704
68
145
588
753
461
112
395
642
148
126
54
319
85
599
950
26
877
289
874
791
652
174
678
366
487
325
403
76
489
694
547
419
588
538
174
373
318
310
381
803
293
911
193
508
725
474
137
5
363
696
107
781
68
20
307
85
161
658
706
948
416
71
738
3
917
373
239
673
121
706
801
727
222
719
93
50
486
77
946
814
276
700
409
929
900
622
588
909
343
921
403
173
834
66
371
296
595
306
667
978
943
147
410
372
636
532
633
428
613
186
707
178
796
1000
258
521
427
307
686
713
731
676
618
909
572
145
895
888
854
803
530
57
814
287
8
774
893
287
626
849
137
628
965
121
353
289
708
303
17
919
922
717
319
165
572
736
188
236
98
261
731
991
709
391
779
992
88
384
142
847
852
729
167
351
252
983
734
624
379
897
540
937
637
857
172
902
831
609
896
320
386
900
787
24
143
158
887
22
284
371
111
972
144
612
949
820
549
441
241
154
383
320
257
963
371
300
712
170
857
238
331
287
232
11
382
601
94
734
930
760
385
501
446
840
778
584
404
283
84
851
542
89
704
210
914
437
98
826
925
73
303
662
511
493
359
252
995
46
114
723
736
409
971
333
447
716
138
829
90
619
381
917
263
958
563
132
88
826
616
934
471
942
642
825
654
69
55
107
621
446
297
33
722
453
310
313
700
640
263
869
378
255
920
727
702
27
154
122
741
981
163
450
626
259
699
66
278
776
416
538
934
804
77
344
246
434
515
104
993
786
86
72
642
20
634
234
820
798
385
668
934
72
873
571
523
938
578
583
850
807
218
810
845
881
298
591
897
275
3
888
53
841
187
460
732
156
348
55
581
564
580
11
364
405
576
794
395
929
980
277
926
564
125
663
529
231
73
299
928
169
359
718
452
888
826
783
801
492
355
656
184
226
413
297
217
414
866
142
809
259
439
892
12
432
994
213
790
815
486
625
210
228
474
372
631
118
945
315
972
853
233
701
47
357
505
773
467
934
130
447
436
408
564
200
135
53
474
983
259
601
267
370
218
61
423
949
804
156
115
783
146
79
691
140
55
241
785
405
189
230
391
178
159
793
10
739
378
488
868
463
712
773
808
539
972
843
926
903
825
871
24
200
927
10
902
968
860
867
628
544
771
610
604
421
347
518
362
343
502
419
282
584
5
926
466
271
731
559
165
337
139
898
918
835
572
830
238
287
782
214
394
875
252
376
387
456
713
535
196
100
530
919
63
787
980
334
970
577
530
539
480
59
207
245
896
780
758
225
130
174
536
345
783
1000
155
889
898
900
668
431
387
817
115
829
516
8
468
475
400
359
856
123
110
490
743
492
461
367
546
178
902
466
165
717
531
194
607
342
508
917
933
394
529
623
580
702
82
132
65
406
827
723
106
62
969
922
637
355
518
968
69
26
191
367
984
536
902
738
63
7
501
892
278
670
748
30
415
100
673
149
545
48
763
808
239
820
189
660
218
72
29
529
707
260
47
878
677
354
789
751
426
109
289
93
765
697
149
502
23
528
116
645
656
420
979
578
613
100
256
981
268
629
304
780
765
365
589
522
94
281
475
803
793
557
754
911
498
183
691
56
947
869
444
160
892
921
88
627
149
443
861
785
71
455
375
998
795
901
140
286
839
517
801
178
995
300
488
72
622
365
526
810
961
704
808
516
219
910
239
84
386
320
870
117
796
757
739
647
956
155
663
773
704
382
362
313
208
236
288
442
968
65
475
659
365
1000
732
721
541
832
343
874
888
542
222
924
790
323
417
20
814
888
166
475
98
679
660
524
516
927
130
649
576
870
108
583
143
908
521
807
968
856
236
691
944
404
758
890
875
279
861
652
353
136
126
865
134
837
272
277
842
211
992
24
840
705
441
928
146
75
776
276
878
384
604
329
283
801
269
264
792
72
951
272
263
305
416
531
654
823
143
804
136
300
715
531
978
389
840
64
195
800
959
660
975
176
201
258
84
769
247
562
893
89
880
716
701
752
210
949
455
393
424
322
655
201
631
849
874
245
697
816
943
204
838
407
64
915
423
450
866
861
979
834
418
236
153
304
394
69
788
334
160
795
753
995
88
215
371
861
255
525
778
974
334
348
991
825
113
368
54
715
135
423
703
411
662
207
858
844
137
468
301
566
685
748
120
950
557
213
424
994
265
228
916
396
372
670
241
902
564
165
652
56
333
547
854
79
579
641
594
7
130
543
195
977
322
698
826
281
418
753
777
642
879
963
486
510
27
143
346
600
465
204
516
370
181
249
754
833
186
776
848
152
985
325
137
64
24
713
353
818
285
118
905
100
854
95
166
712
566
343
628
888
337
841
306
402
754
258
634
184
561
575
362
948
749
885
141
479
42
567
379
322
985
406
789
290
315
510
903
288
361
754
74
378
540
502
948
629
890
463
75
571
105
330
655
556
326
887
457
744
404
101
883
73
211
924
135
542
819
832
332
136
198
29
579
359
930
972
187
339
53
392
679
277
24
916
406
813
413
373
628
364
471
294
347
576
28
235
844
249
351
498
118
135
30
556
15
240
871
463
624
587
140
208
337
834
738
494
408
873
301
346
248
245
950
198
539
131
66
516
797
1
153
801
174
531
247
869
584
125
208
965
38
281
978
843
419
17
600
6
441
469
654
214
934
982
1000
372
381
423
887
889
800
976
727
182
558
884
919
389
497
700
359
991
928
705
608
647
484
192
220
32
757
30
114
670
668
688
935
502
762
904
66
774
194
238
293
765
297
810
624
932
383
606
733
87
902
783
629
819
977
382
672
541
703
788
410
982
476
855
955
382
984
297
377
76
294
526
887
939
881
75
647
42
385
940
113
746
625
53
585
76
356
921
164
428
553
340
431
677
386
609
366
703
917
131
644
939
515
626
931
41
418
174
765
730
634
869
576
637
7
29
968
425
899
136
727
950
726
548
948
596
276
383
439
855
380
717
159
736
324
291
9
739
705
602
422
6
839
936
214
614
79
123
929
490
147
592
369
811
941
368
59
83
991
901
173
329
335
850
380
234
832
159
983
141
550
92
54
539
55
331
565
339
359
561
309
802
502
427
14
205
957
576
566
465
882
23
217
661
669
166
190
357
16
284
202
664
193
272
935
316
788
868
844
329
705
186
732
657
880
315
483
44
570
971
803
195
92
556
752
628
739
948
969
130
39
589
279
622
367
856
220
723
995
669
821
202
897
890
730
273
558
538
307
27
974
594
960
67
929
148
744
780
83
307
743
57
675
610
565
704
555
640
667
222
832
953
727
555
605
128
315
878
35
288
188
267
694
603
678
670
24
806
565
531
295
20
584
629
343
425
534
49
66
803
89
600
910
631
102
297
179
193
633
590
227
431
546
424
944
787
814
75
169
527
57
532
812
992
81
250
83
35
21
736
203
931
844
855
957
813
352
558
192
833
821
581
584
781
441
325
567
256
696
625
64
982
310
494
999
938
483
624
232
200
233
615
636
392
871
896
158
887
279
466
591
135
65
546
547
334
467
787
264
327
123
987
808
735
704
915
807
64
636
83
371
397
371
136
788
146
412
275
308
147
446
22
542
725
98
519
822
718
431
325
577
805
884
53
956
44
975
561
332
765
10
656
296
961
622
158
168
830
692
112
977
752
794
186
158
20
934
200
182
352
564
413
626
73
567
869
308
204
144
885
647
355
899
270
927
650
436
349
854
283
135
700
131
598
240
799
605
884
931
458
429
410
997
842
909
680
617
553
132
857
538
501
878
381
761
865
576
653
279
532
860
645
824
181
601
258
596
458
125
177
163
458
251
758
56
163
872
377
8
634
899
634
262
732
503
215
158
974
568
145
95
159
762
222
628
806
429
906
139
132
861
884
552
929
588
827
31
550
169
482
886
587
558
60
535
372
99
49
507
292
525
522
570
104
551
539
923
610
678
336
704
950
966
704
668
244
542
250
752
614
463
961
793
877
163
397
70
563
742
24
867
257
967
960
865
110
891
547
334
721
976
7
592
1000
211
449
475
916
642
680
385
367
344
891
762
407
840
983
931
760
860
439
377
685
650
151
779
776
955
793
329
957
135
232
443
337
549
690
251
901
691
632
83
21
687
163
172
747
75
713
798
964
207
552
436
37
109
588
229
182
802
970
900
548
942
652
651
494
652
379
735
267
63
565
434
395
544
299
909
389
405
127
981
737
617
501
665
591
747
24
631
837
660
704
180
740
564
613
149
451
113
956
712
362
307
333
119
236
686
628
794
697
876
497
471
711
362
904
882
929
736
408
641
678
755
72
268
156
798
520
706
1
10
6
942
941
94
214
832
344
881
602
504
181
297
252
656
248
590
365
654
29
598
768
381
294
610
279
522
73
653
851
78
49
56
958
46
853
454
448
439
880
936
280
909
665
96
546
791
953
142
835
347
752
865
764
92
880
648
570
554
841
104
235
965
405
268
274
512
753
501
181
930
767
67
451
752
385
348
972
391
172
938
552
766
445
377
171
683
817
842
242
560
446
317
369
906
136
884
493
691
133
410
854
471
892
590
304
580
781
459
169
790
38
699
90
371
953
234
305
259
828
651
495
518
3
687
425
443
970
511
9
773
793
802
151
477
588
541
500
531
734
761
952
961
695
95
692
421
355
916
827
888
542
347
282
718
619
12
987
538
786
360
382
295
344
768
129
289
464
853
517
756
490
921
203
258
15
8
578
400
858
154
359
705
80
945
615
629
651
611
385
320
254
788
499
32
212
598
594
101
150
834
205
878
673
421
651
947
910
320
887
424
452
603
897
218
539
443
769
290
25
920
896
619
710
568
957
790
509
285
978
213
581
743
677
91
572
27
285
1000
378
157
19
65
461
858
846
909
82
723
234
829
382
964
146
614
993
463
989
730
620
946
741
180
417
893
675
327
171
482
834
569
615
627
131
304
870
177
475
607
426
55
574
787
218
297
900
499
306
502
393
559
491
18
547
868
705
886
632
244
911
487
599
861
418
26
594
980
233
277
597
896
905
361
952
789
105
372
991
118
66
589
508
770
243
699
168
628
104
997
466
28
235
180
714
810
690
943
266
773
193
915
748
961
686
352
521
250
624
388
805
338
479
808
803
63
550
465
434
894
211
747
193
812
820
616
247
95
990
659
617
749
521
696
704
297
141
641
896
777
709
28
416
452
851
6
279
459
162
754
767
980
49
969
27
662
119
140
146
454
144
980
330
814
22
838
469
726
56
162
333
57
62
138
830
897
359
745
714
124
914
490
376
425
792
691
252
599
566
484
573
946
619
851
144
631
72
254
935
518
757
435
926
692
343
374
403
105
199
316
779
720
846
148
228
841
867
710
774
194
499
727
586
20
825
493
990
655
234
560
905
448
69
165
638
769
238
143
245
394
435
651
19
393
70
497
174
272
11
314
233
394
490
191
419
516
880
847
949
41
247
960
100
275
953
588
96
279
527
599
406
422
762
688
879
895
471
708
602
78
685
476
856
934
868
609
427
519
879
14
160
848
979
7
659
82
877
206
928
423
172
783
12
9
521
189
684
415
527
1000
198
770
807
987
45
535
769
690
501
337
189
507
778
485
957
536
167
221
866
776
83
860
790
474
274
756
309
309
549
881
682
18
34
775
540
794
75
905
155
826
746
48
550
894
858
425
362
927
309
366
807
710
657
480
725
75
993
257
162
741
907
800
592
500
813
120
284
302
529
592
401
802
744
870
60
657
581
